1 2
2 3
3 4
4 7
5 9
6 13
7 17
8 26
9 29
10 48
11 55
12 95
13 104
14 174
15 196
16 344
17 358
18 667
19 768
20 1387
21 1430
22 2534
23 2870
24 4998
25 5056
26 9617
27 10104
28 19306
29 19464
30 36706
31 37964
32 71816
33 71920
34 142416
35 161958
36 303760
37 309391
38 585307
39 660099
40 1211327
41 1214687
42 2314069
43 2323534
44 4544254
45 4547554
46 8814698
47 8839202
48 17409434
49 17410398
50 34784067
51 35990226
52 70606987
53 70709353
54 139563769
55 145069273
56 280544457
57 280589045
58 554352464
59 554844319
60 1105028729
61 1105064553
62 2191014793
63 2192342661
64 4352673893
65 4352677513
66 8704020426
67 9806498539
68 18510388597
69 18788740795
70 36188897315
71 40627424607
72 75697419479
73 75859924134
74 146772926276
75 147160324824
76 290560424828
77 290675303544
78 570597812576
79 571909891144
80 1134232515876
81 1134240831070
82 2266823766284
83 2271806562042
84 4525451174742
85 4525478165437
86 9018988806973
87 9041680315581
88 17888544069629
89 17888554713929
90 35676728804924
91 35678262960292
92 71296911854358
93 71296918872520
94 142264356092048
95 142269400892312
96 283132396205336
97 283132396574720
98 566259706056490
99 584171604313793
100 1150394967446073
101 1151579572017511
102 2283437178257971
103 2356669607204447
104 4613138004947447
105 4613294027200940
106 9142086278825730
107 9142513471640957
108 18241101148294887
109 18241135049632954
110 36310845192875466
111 36312208149160298
112 72530423609206810
113 72530424180104282
114 145059037895359111
115 145133753034846056
116 290044052648986374
117 290044147301447125
118 579800277383762725
119 580167091592202053
120 1157083907173146309
121 1157083916589705101
122 2312794987125038277
123 2312796496096288127
124 4624869348118300067
125 4624869349500030759
126 9245921057316308847
127 9245926082801410935
128 18471061891119082367
129 18471061891124860943
130 36942118756756264366
131 41562249830940928773
132 78504368582413110783
133 79659851289708265605
134 153544062705622648737
135 172045215247471882829
136 320969086552347569256
137 321621485831044283499
138 624067526973678376104
139 625659139003001499396
140 1235792698312768098622
141 1236232380194371162735
142 2432136854929839394745
143 2437633217693006865373
144 4839167564472933081443

